W
8
3
0
W
3
0
0
8
24
17
3
A
18
17
0
O
2
11
0
Z
16
14
0
@
25
25
0
$
15
29
0
%
9
10
0
"
12
27
0
*
25
2
0
@
2
25
0
"
13
27
0
*
26
2
0
*
26
2
0
@
24
25
0
*
24
1
0
*
26
3
0
*
25
1
0
*
27
2
0
"
13
26
0
%
9
11
0
@
24
26
0
"
14
25
0
*
26
1
0
*
27
3
0
*
27
1
0
@
1
24
0
*
24
2
0
*
25
0
0
"
14
27
0
*
24
3
0
*
25
3
0
*
28
1
0
*
28
3
0
*
28
2
0
%
10
10
0
@
26
25
0
"
11
27
0
$
16
29
0
@
25
24
0
*
26
4
0
*
25
4
0
*
23
3
0
*
27
0
0
$
17
29
0
*
29
3
0
*
26
0
0
"
13
25
0
*
28
0
0
@
26
24
0
*
29
1
0
*
23
2
0
*
24
0
0
@
23
25
0
"
13
28
0
@
3
26
0
*
29
0
0
*
27
4
0
*
23
4
0
@
0
24
0
@
25
26
0
"
12
26
0
"
12
28
0
$
16
28
0
"
11
25
0
@
24
27
0
*
22
3
0
*
24
4
0
*
29
4
0
*
24
4
0
"
10
26
0
*
29
2
0
*
28
4
0
*
23
1
0
@
2
24
0
%
10
12
0
@
1
26
0
$
14
29
0
