L
1
8
0
W
1
3
0
W
1
5
0
8
22
22
0
A
15
14
0
O
5
8
0
Z
15
12
0
@
25
25
0
$
15
29
0
%
9
10
0
"
12
27
0
*
25
2
0
@
2
25
0
*
26
1
0
@
26
26
0
%
9
11
0
%
10
10
0
@
3
25
0
*
27
1
0
*
25
0
0
*
26
2
0
"
11
26
0
*
26
0
0
%
10
9
0
%
9
12
0
@
1
24
0
$
14
29
0
*
27
3
0
*
28
1
0
@
3
24
0
@
2
23
0
*
29
1
0
*
28
3
0
*
26
4
0
*
27
2
0
*
24
0
0
*
25
1
0
@
2
24
0
*
24
2
0
*
25
3
0
"
11
27
0
@
26
25
0
*
26
3
0
*
24
1
0
*
28
2
0
*
29
4
0
*
27
4
0
$
15
28
0
*
27
0
0
@
4
25
0
%
8
10
0
*
28
0
0
*
28
4
0
*
29
3
0
@
27
25
0
@
1
25
0
"
12
28
0
$
16
29
0
@
24
24
0
@
28
25
0
%
9
9
0
$
16
27
0
*
29
5
0
*
29
2
0
*
29
2
0
%
11
10
0
%
10
11
0
@
25
24
0
"
11
29
0
*
28
5
0
*
29
0
0
$
16
28
0
*
28
6
0
%
10
12
0
@
24
25
0
"
12
25
0
@
1
26
0
