#!/dymel/prob1/savefile
10 10
L;6;6;3
L;3;2;3
L;0;6;3
L;8;6;3
L;7;6;3
L;1;2;3
L;8;3;3
L;1;7;3
L;4;3;3
L;1;4;3
L;2;3;3
L;3;3;3
L;6;5;3
L;2;2;3
L;5;4;3
L;0;2;3
L;2;4;3
L;3;4;3
L;9;6;3
L;6;1;3
L;0;9;3
L;4;4;3
L;1;3;3
L;2;1;3
L;2;5;3
L;3;5;3
L;0;7;3
L;5;2;3
L;0;4;3
L;5;5;3
L;9;5;3
L;4;5;3
L;8;0;3
L;5;6;3
L;0;5;3
L;7;7;3
L;9;4;3
L;8;5;3
L;4;6;3
L;6;7;3
L;6;3;3
L;0;3;3
L;7;9;3
L;1;1;3
L;1;5;3
L;7;0;3
L;9;1;3
L;1;8;3
L;5;3;3
L;6;9;3
L;0;0;3
L;0;1;3
L;1;9;3
L;1;0;3
L;8;1;3
L;5;0;3
L;6;8;3
L;6;0;3
L;9;0;3
L;9;2;3
L;9;3;3
L;5;9;3
L;1;6;3
L;2;9;3
L;2;0;3
L;4;2;3
L;5;1;3
@;7;2;17;0;0
b;4;1;10
b;7;4;10
m;0;8;0
w;9;8;99
w;3;9;99
m;9;9;0
w;3;8;99
m;9;7;0
w;8;8;99
m;8;9;0
w;4;8;99
m;8;7;0
w;3;0;99
w;3;7;99
m;8;4;0
m;7;8;0
m;7;5;0
m;8;2;0
w;4;7;99
m;7;3;0
t;3;1;0
m;4;9;0
m;7;1;0
m;5;8;0
w;3;6;99
m;6;4;0
w;5;7;99
m;4;0;0
m;6;2;0
m;2;6;0
m;2;7;0
m;2;8;0
#!/dymel/prob1/savefile/end